BEGIN OBJECT 16-0
BEGIN ATTRIBUTE 17-0
0
END ATTRIBUTE 17-0
BEGIN ATTRIBUTE 18-3
zoneOne
END ATTRIBUTE 18-3
BEGIN ATTRIBUTE 19-1
20
38
2
2
0
0
0
0
2
2
2
2
2
2
2
0
0
0
0
0
0
0
0
2
2
2
2
2
2
2
2
2
2
2
2
2
0
0
2
2
38
2
0
1
1
0
0
0
2
2
2
2
2
2
0
0
0
0
0
0
0
1
1
1
0
0
0
0
2
2
2
2
2
0
0
0
0
0
2
38
2
0
1
0
0
0
0
0
2
2
2
2
2
2
0
0
0
0
0
0
0
0
1
1
1
1
1
2
2
2
0
0
0
0
0
0
0
2
38
0
0
0
0
0
0
0
0
2
2
2
2
2
0
0
0
0
0
0
0
0
0
0
0
0
0
0
0
0
0
0
0
0
0
0
0
0
2
38
0
0
0
0
0
0
0
0
0
0
2
2
2
2
3
3
3
3
0
3
3
0
0
0
0
0
0
2
2
2
0
1
1
0
0
2
2
2
38
2
0
0
0
0
0
0
0
0
0
2
2
2
2
2
0
0
0
0
0
3
0
0
0
0
2
2
2
2
0
0
0
1
1
0
0
2
2
38
2
2
2
0
0
0
0
0
0
0
0
2
2
2
2
2
2
0
0
3
3
3
0
0
2
2
2
2
2
0
0
0
0
1
0
0
0
0
38
2
2
2
0
0
0
0
0
0
0
3
3
2
2
2
2
2
2
2
2
0
3
2
2
2
2
2
2
1
0
0
0
0
1
0
0
0
0
38
2
2
0
1
1
0
0
0
0
0
3
3
3
2
2
2
2
2
2
2
2
2
2
2
2
2
0
1
1
0
0
0
1
0
0
0
0
2
38
2
0
0
1
0
0
0
0
0
0
0
3
3
0
2
2
2
2
2
2
2
2
2
2
0
0
0
0
0
0
0
0
0
0
0
0
0
2
38
2
0
0
1
0
0
1
0
0
0
0
0
0
0
0
0
2
2
2
0
0
0
3
0
0
0
1
1
0
0
0
0
0
0
0
0
0
2
38
2
0
0
0
0
0
1
1
0
0
1
0
0
1
0
0
0
0
0
0
0
0
0
0
0
0
0
1
0
0
0
0
0
0
3
0
0
0
38
2
0
0
1
1
1
1
1
0
0
0
0
0
1
0
0
0
1
0
0
0
0
0
0
0
0
0
1
1
1
0
0
0
3
3
0
0
0
38
0
0
0
0
0
0
0
0
0
0
0
0
0
0
0
0
0
0
0
0
0
0
0
0
0
0
0
0
1
1
1
0
0
3
0
0
0
0
38
2
0
0
0
3
0
0
0
1
1
0
0
1
0
0
0
0
0
1
0
0
0
0
0
0
0
0
0
0
0
0
0
0
3
0
0
0
0
38
2
2
0
0
3
3
0
0
0
1
1
0
0
0
0
0
1
1
1
0
0
0
0
0
0
1
1
1
0
0
0
0
0
0
0
0
0
0
38
0
0
0
0
0
0
0
0
0
0
1
1
1
1
1
0
0
0
0
0
0
0
0
0
0
0
0
0
0
3
3
3
0
0
0
0
0
0
38
0
0
4
0
0
0
0
1
1
1
1
1
1
1
1
1
0
0
0
0
0
0
2
0
0
0
0
0
0
3
0
0
1
0
0
0
0
2
38
0
0
0
0
0
0
2
0
2
0
0
0
0
0
0
0
0
0
0
0
0
2
2
0
0
0
0
0
0
0
0
0
0
0
0
0
2
2
38
2
0
0
0
2
2
2
2
2
2
2
0
0
0
0
2
2
0
0
0
2
2
2
2
0
0
0
0
0
2
2
0
0
0
0
2
2
2

END ATTRIBUTE 19-1
BEGIN ATTRIBUTE 30-2
2
BEGIN OBJECT 20-1
BEGIN ATTRIBUTE 21-0
4
END ATTRIBUTE 21-0
BEGIN ATTRIBUTE 22-1
2
3
2

END ATTRIBUTE 22-1
BEGIN ATTRIBUTE 23-2
1
END ATTRIBUTE 23-2
BEGIN ATTRIBUTE 24-3
2
10
10

END ATTRIBUTE 24-3
END OBJECT 20-1

BEGIN OBJECT 25-1
BEGIN ATTRIBUTE 26-0
4
END ATTRIBUTE 26-0
BEGIN ATTRIBUTE 27-1
2
3
2

END ATTRIBUTE 27-1
BEGIN ATTRIBUTE 28-2
1
END ATTRIBUTE 28-2
BEGIN ATTRIBUTE 29-3
2
10
10

END ATTRIBUTE 29-3
END OBJECT 25-1


END ATTRIBUTE 30-2
END OBJECT 16-0
