BEGIN OBJECT 251-0
BEGIN ATTRIBUTE 252-0
0
END ATTRIBUTE 252-0
BEGIN ATTRIBUTE 253-3
zoneOne
END ATTRIBUTE 253-3
BEGIN ATTRIBUTE 254-1
20
38
2
2
0
0
0
0
2
2
2
2
2
2
2
0
0
0
0
0
0
0
0
2
2
2
2
2
2
2
2
2
2
2
2
2
0
0
2
2
38
2
0
1
1
0
0
0
2
2
2
2
2
2
0
0
0
0
0
0
0
1
1
1
0
0
0
0
2
2
2
2
2
0
0
0
0
0
2
38
2
0
1
0
0
0
0
0
2
2
2
2
2
2
0
0
0
0
0
0
0
0
1
1
1
1
1
2
2
2
0
0
0
0
0
0
0
2
38
0
0
0
0
0
0
0
0
2
2
2
2
2
0
0
0
0
0
0
0
0
0
0
0
0
0
0
0
0
0
0
0
0
0
0
0
0
2
38
0
0
0
0
0
0
0
0
0
0
2
2
2
2
3
3
3
3
0
3
3
0
0
0
0
0
0
2
2
2
0
1
1
0
0
2
2
2
38
2
0
0
0
0
0
0
0
0
0
2
2
2
2
2
0
0
0
0
0
3
0
0
0
0
2
2
2
2
0
0
0
1
1
0
0
2
2
38
2
2
2
0
0
0
0
0
0
0
0
2
2
2
2
2
2
0
0
3
3
3
0
0
2
2
2
2
2
0
0
0
0
1
0
0
0
0
38
2
2
2
0
0
0
0
0
0
0
3
3
2
2
2
2
2
2
2
2
0
3
2
2
2
2
2
2
1
0
0
0
0
1
0
0
0
0
38
2
2
0
1
1
0
0
0
0
0
3
3
3
2
2
2
2
2
2
2
2
2
2
2
2
2
0
1
1
0
0
0
1
0
0
0
0
2
38
2
0
0
1
0
0
0
0
0
0
0
3
3
0
2
2
2
2
2
2
2
2
2
2
0
0
0
0
0
0
0
0
0
0
0
0
0
2
38
2
0
0
1
0
0
1
0
0
0
0
0
0
0
0
0
2
2
2
0
0
0
3
0
0
0
1
1
0
0
0
0
0
0
0
0
0
2
38
2
0
0
0
0
0
1
1
0
0
1
0
0
1
0
0
0
0
0
0
0
0
0
0
0
0
0
1
0
0
0
0
0
0
3
0
0
0
38
2
0
0
1
1
1
1
1
0
0
0
0
0
1
0
0
0
1
0
0
0
0
0
0
0
0
0
1
1
1
0
0
0
3
3
0
0
0
38
0
0
0
0
0
0
0
0
0
0
0
0
0
0
0
0
0
0
0
0
0
0
0
0
0
0
0
0
1
1
1
0
0
3
0
0
0
0
38
2
0
0
0
3
0
0
0
1
1
0
0
1
0
0
0
0
0
1
0
0
0
0
0
0
0
0
0
0
0
0
0
0
3
0
0
0
0
38
2
2
0
0
3
3
0
0
0
1
1
0
0
0
0
0
1
1
1
0
0
0
0
0
0
1
1
1
0
0
0
0
0
0
0
0
0
0
38
0
0
0
0
0
0
0
0
0
0
1
1
1
1
1
0
0
0
0
0
0
0
0
0
0
0
0
0
0
3
3
3
0
0
0
0
0
0
38
0
0
0
0
0
0
0
1
1
1
1
1
1
1
1
1
0
0
0
0
0
0
2
0
0
0
0
0
0
3
0
0
1
0
0
0
0
2
38
0
0
0
0
0
0
2
0
2
0
0
0
0
0
0
0
0
0
0
0
0
2
2
0
0
0
0
0
0
0
0
0
0
0
0
0
2
2
38
2
0
0
0
2
2
2
2
2
2
2
0
0
0
0
2
2
0
0
0
2
2
2
2
0
0
0
0
0
2
2
0
0
0
0
2
2
2

END ATTRIBUTE 254-1
BEGIN ATTRIBUTE 265-2
2
BEGIN OBJECT 255-1
BEGIN ATTRIBUTE 256-0
4
END ATTRIBUTE 256-0
BEGIN ATTRIBUTE 257-1
2
2
17

END ATTRIBUTE 257-1
BEGIN ATTRIBUTE 258-2
0
END ATTRIBUTE 258-2
BEGIN ATTRIBUTE 259-3
2
0
0

END ATTRIBUTE 259-3
END OBJECT 255-1

BEGIN OBJECT 260-1
BEGIN ATTRIBUTE 261-0
4
END ATTRIBUTE 261-0
BEGIN ATTRIBUTE 262-1
2
3
2

END ATTRIBUTE 262-1
BEGIN ATTRIBUTE 263-2
0
END ATTRIBUTE 263-2
BEGIN ATTRIBUTE 264-3
2
0
0

END ATTRIBUTE 264-3
END OBJECT 260-1


END ATTRIBUTE 265-2
END OBJECT 251-0
BEGIN OBJECT 266-0
BEGIN ATTRIBUTE 267-0
1
END ATTRIBUTE 267-0
BEGIN ATTRIBUTE 268-3
firstEncampment
END ATTRIBUTE 268-3
BEGIN ATTRIBUTE 269-1
20
38
0
0
0
0
0
0
0
0
0
0
0
0
0
0
0
0
0
0
0
0
0
0
0
0
0
0
0
0
0
0
0
0
0
0
0
0
0
0
38
0
0
0
0
0
0
0
0
0
0
0
0
0
0
0
0
0
0
0
0
0
0
0
0
0
0
0
0
0
0
0
0
0
0
0
0
0
0
38
0
0
0
0
0
0
0
0
0
0
0
0
0
0
0
0
0
0
0
0
0
0
0
0
0
0
0
0
0
0
0
0
0
0
0
0
0
0
38
0
0
0
0
0
0
0
0
0
0
0
0
0
0
0
0
0
0
0
0
0
0
0
0
0
0
0
0
0
0
0
0
0
0
0
0
0
0
38
0
0
0
0
0
0
0
0
0
0
0
0
0
0
0
0
0
0
0
0
0
0
0
0
0
0
0
0
0
0
0
0
0
0
0
0
0
0
38
0
0
0
0
0
0
0
0
0
0
0
0
0
0
0
0
0
0
0
0
0
0
0
0
0
0
0
0
0
0
0
0
0
0
0
0
0
0
38
0
0
0
0
0
0
0
0
0
0
0
0
0
0
0
0
0
0
0
0
0
0
0
0
0
0
0
0
0
0
0
0
0
0
0
0
0
0
38
0
0
0
0
0
0
0
0
0
0
0
0
0
0
0
0
0
0
0
0
0
0
0
0
0
0
0
0
0
0
0
0
0
0
0
0
0
0
38
0
0
0
0
0
0
0
0
0
0
0
0
0
0
0
0
0
0
0
0
0
0
0
0
0
0
0
0
0
0
0
0
0
0
0
0
0
0
38
0
0
0
0
0
0
0
0
0
0
0
0
0
0
0
0
0
0
0
0
0
0
0
0
0
0
0
0
0
0
0
0
0
0
0
0
0
0
38
0
0
0
0
0
0
0
0
0
0
0
0
0
0
0
0
0
0
0
0
0
0
0
0
0
0
0
0
0
0
0
0
0
0
0
0
0
0
38
0
0
0
0
0
0
0
0
0
0
0
0
0
0
0
0
0
0
0
0
0
0
0
0
0
0
0
0
0
0
0
0
0
0
0
0
0
0
38
0
0
0
0
0
0
0
0
0
0
0
0
0
0
0
0
0
0
0
0
0
0
0
0
0
0
0
0
0
0
0
0
0
0
0
0
0
0
38
0
0
0
0
0
0
0
0
0
0
0
0
0
0
0
0
0
0
0
0
0
0
0
0
0
0
0
0
0
0
0
0
0
0
0
0
0
0
38
0
0
0
0
0
0
0
0
0
0
0
0
0
0
0
0
0
0
0
0
0
0
0
0
0
0
0
0
0
0
0
0
0
0
0
0
0
0
38
0
0
0
0
0
0
0
0
0
0
0
0
0
0
0
0
0
0
0
0
0
0
0
0
0
0
0
0
0
0
0
0
0
0
0
0
0
0
38
0
0
0
0
0
0
0
0
0
0
0
0
0
0
0
0
0
0
0
0
0
0
0
0
0
0
0
0
0
0
0
0
0
0
0
0
0
0
38
0
0
0
0
0
0
0
0
0
0
0
0
0
0
0
0
0
0
0
0
0
0
0
0
0
0
0
0
0
0
0
0
0
0
0
0
0
0
38
0
0
0
0
0
0
0
0
0
0
0
0
0
0
0
0
0
0
0
0
0
0
0
0
0
0
0
0
0
0
0
0
0
0
0
0
0
0
38
0
0
0
0
0
0
0
0
0
0
0
0
0
0
0
0
0
0
0
0
0
0
0
0
0
0
0
0
0
0
0
0
0
0
0
0
0
0

END ATTRIBUTE 269-1
BEGIN ATTRIBUTE 275-2
1
BEGIN OBJECT 270-1
BEGIN ATTRIBUTE 271-0
4
END ATTRIBUTE 271-0
BEGIN ATTRIBUTE 272-1
2
2
2

END ATTRIBUTE 272-1
BEGIN ATTRIBUTE 273-2
0
END ATTRIBUTE 273-2
BEGIN ATTRIBUTE 274-3
2
0
0

END ATTRIBUTE 274-3
END OBJECT 270-1


END ATTRIBUTE 275-2
END OBJECT 266-0
